name: pytorch-CycleGAN-and-pix2pix
channels:
  - conda-forge
  - defaults
dependencies:
  - blas=1.1=openblas
  - bzip2=1.0.6=h470a237_2
  - ca-certificates=2018.4.16=0
  - certifi=2018.4.16=py36_0
  - ffmpeg=3.2.4=hf82bc7d_4
  - giflib=5.1.4=h470a237_0
  - graphite2=1.3.11=hfc679d8_0
  - hdf5=1.10.1=2
  - jasper=1.900.1=4
  - libiconv=1.15=h470a237_1
  - libwebp=0.5.2=7
  - mkl_fft=1.0.4=py36_0
  - mkl_random=1.0.1=py36_0
  - numpy=1.14.5=py36_blas_openblashd3ea46f_201
  - openblas=0.2.20=8
  - opencv=3.4.1=py36_blas_openblas_200
  - openssl=1.0.2o=0
  - pixman=0.34.0=2
  - scipy=1.1.0=py36_blas_openblashd3ea46f_201
  - x264=1!152.20180717=h470a237_0
  - cairo=1.14.12=h8948797_3
  - cffi=1.11.5=py36h9745a5d_0
  - click=6.7=py36_0
  - cloudpickle=0.5.3=py36_0
  - cudatoolkit=8.0=3
  - cudnn=7.0.5=cuda8.0_0
  - cycler=0.10.0=py36_0
  - dask-core=0.18.2=py36_0
  - dbus=1.13.2=h714fa37_1
  - decorator=4.3.0=py36_0
  - expat=2.2.5=he0dffb1_0
  - flake8=3.5.0=py36_1
  - flask=1.0.2=py36_1
  - flask-cors=3.0.6=py36_0
  - fontconfig=2.13.0=h9420a91_0
  - freetype=2.9.1=h8a8886c_0
  - glib=2.56.1=h000015b_0
  - gst-plugins-base=1.14.0=hbbd80ab_1
  - gstreamer=1.14.0=hb453b48_1
  - gunicorn=19.8.1=py36_0
  - harfbuzz=1.7.6=hec2c2bc_3
  - icu=58.2=h9c2bf20_1
  - imageio=2.3.0=py36_0
  - intel-openmp=2018.0.3=0
  - itsdangerous=0.24=py36_1
  - jinja2=2.10=py36_0
  - jpeg=9b=h024ee3a_2
  - kiwisolver=1.0.1=py36hf484d3e_0
  - libedit=3.1.20170329=h6b74fdf_2
  - libffi=3.2.1=hd88cf55_4
  - libgcc=7.2.0=h69d50b8_2
  - libgcc-ng=7.2.0=hdf63c60_3
  - libgfortran=3.0.0=1
  - libgfortran-ng=7.2.0=hdf63c60_3
  - libopenblas=0.2.20=h9ac9557_7
  - libpng=1.6.34=hb9fc6fc_0
  - libstdcxx-ng=7.2.0=hdf63c60_3
  - libtiff=4.0.9=he85c1e1_1
  - libuuid=1.0.3=h1bed415_2
  - libxcb=1.13=h1bed415_1
  - libxml2=2.9.8=h26e45fe_1
  - markupsafe=1.0=py36h14c3975_1
  - matplotlib=2.2.2=py36hb69df0a_2
  - mccabe=0.6.1=py36_1
  - mkl=2018.0.3=1
  - nccl=1.3.4=cuda8.0_1
  - ncurses=6.1=hf484d3e_0
  - networkx=2.1=py36_0
  - ninja=1.8.2=py36h6bb024c_1
  - numpy-base=1.14.3=py36h0ea5e3f_1
  - olefile=0.45.1=py36_0
  - pcre=8.42=h439df22_0
  - pillow=5.1.0=py36heded4f4_0
  - pip=10.0.1=py36_0
  - pycodestyle=2.3.1=py36hf609f19_0
  - pycparser=2.18=py36_1
  - pyflakes=1.6.0=py36_0
  - pyparsing=2.2.0=py36_1
  - pyqt=5.6.0=py36_2
  - python=3.6.6=hc3d631a_0
  - python-dateutil=2.7.3=py36_0
  - pytorch=0.4.0=py36hd73e86b_0
  - pytz=2018.5=py36_0
  - pywavelets=0.5.2=py36h035aef0_2
  - qt=5.6.3=h39df351_0
  - readline=7.0=ha6073c6_4
  - scikit-image=0.14.0=py36hf484d3e_1
  - setuptools=39.2.0=py36_0
  - sip=4.19.8=py36hf484d3e_0
  - six=1.11.0=py36_1
  - sqlite=3.24.0=h84994c4_0
  - tk=8.6.7=hc745277_3
  - toolz=0.9.0=py36_0
  - torchvision=0.2.1=py36_0
  - tornado=5.0.2=py36h14c3975_0
  - werkzeug=0.14.1=py36_0
  - wheel=0.31.1=py36_0
  - xz=5.2.4=h14c3975_4
  - zlib=1.2.11=ha838bed_2
  - pip:
    - chardet==3.0.4
    - dask==0.18.2
    - dominate==2.3.1
    - idna==2.7
    - pyzmq==17.1.0
    - requests==2.19.1
    - torch==0.4.0
    - torchfile==0.1.0
    - urllib3==1.23
    - visdom==0.1.8.4
    - websocket-client==0.48.0
prefix: /tmp3/b03901014/miniconda3/envs/pytorch-CycleGAN-and-pix2pix

